1:	10.296	3.162	7.071	19.235	10.817	15	16.031	24.759	8	8.602	
2:	10.296	3.162	6.325	17.493	9.22	15.133	16.031	24.042	8.246	7.071	
3:	5	12.369	8.062	5	5.099	18.028	17.029	13.601	15.297	8.062	
4:	5	13.342	9.849	5	6	18.358	17.804	13.342	15.297	9	
5:	5	13.601	9.434	3.606	7.071	18.358	17.804	12.369	15.033	9	
6:	1.414	9.487	5.831	6.708	3	15.62	14.213	13.892	10.05	6	
7:	1.414	10.198	5	8.062	3.162	16.971	14.422	13.892	10.44	6.083	
8:	1.414	10.198	5	8.062	3.162	15.62	13.038	12.207	10.05	6.083	
9:	1.414	10.198	4.123	8.944	3.162	14.866	12.083	13.601	9.22	5.385	
10:	1.414	10.198	5	10.296	1.414	14.866	12.083	13.601	7.28	5.385	
11:	1.414	11.18	5	9.434	1.414	14.866	13.038	12.53	7.28	7.28	
12:	1.414	10.44	5.099	10.296	1.414	14.213	13.416	13.038	5.385	7.28	
13:	1.414	9.22	5.099	10.817	0	14.213	14.765	13.038	6.708	7.28	
14:	1.414	9.22	4.123	11.402	2	14.213	16.553	13.038	6.708	8.062	
15:	1.414	8.544	4.123	12.806	3.162	12.806	16.553	13.601	5.385	6.403	
16:	1.414	9.849	4.123	11.402	4	14.142	17.493	12.53	6.708	7.211	
17:	1.414	10.44	5	9.899	4	15.556	18.028	11.18	8.544	8.062	
18:	1	11.705	5	10	2	14.866	17.205	10.296	9.22	6.708	
19:	1.414	10.44	5	10	3.162	16.279	18.028	10.296	10.44	6.403	
20:	1.414	9.487	5.657	10.63	3	17.029	18.028	9.434	11.402	7.071	
21:	1.414	9.849	6.403	10.63	4	17.804	17.493	8.602	11.705	6.403	
22:	1.414	10.44	7.211	9.22	3.162	19.209	17.205	7.211	12.649	8.062	
23:	1.414	11.705	7.071	9.22	2.828	17.804	17.205	7.071	12.369	8.062	
24:	2.236	13	8.602	8.485	4.472	18.439	17.804	7.211	13.342	8.062	
25:	1.414	13.928	8.602	9.22	3.606	19.105	17.029	7.211	12.369	7.211	
26:	1.414	12.649	7.81	9.22	2.236	18.439	15.62	8.602	11.402	7.211	
27:	1.414	11.705	7.071	10.63	2.236	17.804	14.422	9.22	9.487	7.211	
28:	1.414	10.77	5.831	11.314	3	16.401	14.422	9.22	8.944	6.403	
29:	1.414	11.402	5.657	10.63	2.236	17.029	15.811	7.81	10.296	7.211	
30:	1.414	11.402	5.831	9.22	2.236	16.279	14.422	6.403	9.849	5.831	
31:	1.414	11.18	4.472	9.22	2.236	16.279	16.125	7.211	10.296	5.657	
32:	1.414	12.166	4.472	7.81	2.236	16.279	16.125	5.831	10.77	7.071	
33:	1.414	13.153	5.831	6.403	2.828	16.279	16.125	4.472	12.083	8.602	
34:	1.414	13.038	5	6.708	4.243	16.971	17.493	5.831	12.083	10	
35:	1.414	12.042	4.472	8.062	4.243	15.62	16.553	7.071	10.296	9.22	
36:	1.414	12	3.162	9.434	5	15.811	16.553	8.602	10.817	10.63	
37:	1.414	11.045	3.162	8.602	4.243	14.422	15.232	7.81	10.296	10.63	
38:	1.414	10.198	3	8.602	2.828	13.892	14.56	8.485	9.434	9.434	
39:	1.414	9.22	3	7.81	3.606	13.892	14.866	9.22	10.296	8.602	
40:	1.414	8.544	3.162	9.22	3	14.318	13.601	10.63	10	7.616	
41:	1.414	9.849	4.472	9.22	2.236	13.892	12.369	9.22	10	7.616	
42:	1.414	11.18	5.831	7.81	1.414	13.892	11.402	9.434	9.434	7.616	
43:	1.414	9.849	5.831	9.434	2.236	15.652	12.369	10.63	10.63	8.944	
44:	1.414	9.849	6.708	9.434	1.414	13.892	12.369	9.434	9.434	8.602	
45:	1.414	8.544	7.81	10.817	1.414	13.892	12.042	11.18	9.434	7.211	
46:	1.414	9.487	7.211	11.402	1	13.416	12.042	11.18	9.434	7.81	
47:	1.414	8.544	7.211	11.402	0	14.318	13.038	10.296	8.602	7.071	
48:	1.414	8.544	8.485	12.728	1.414	13.928	13.038	10.296	8.602	7.211	
49:	1.414	7.616	9.22	13.454	2	13.601	13	10.296	7.071	7.616	
50:	1.414	7.28	9.434	14.142	2	14.866	14.036	10	7.81	8.246	
51:	1.414	6.708	9.849	14.142	4	14.56	13.153	10.296	8.062	8.246	
52:	1.414	7.211	10.817	13.454	3.162	13.601	12.166	9.487	7.211	7.071	
53:	1.414	5.831	11.18	14.142	4	14.318	14.142	9.849	8.062	7.071	
54:	1.414	6.325	9.434	12.728	3	13.601	14.142	8.944	8.602	7.616	
55:	1.414	6.325	8.602	12.806	2	13.928	13.038	8.062	8.485	8.062	
56:	1.414	6.325	8.062	14.422	2.828	14.866	13.038	9.434	9.899	8.544	
57:	1.414	7.211	8.062	13.601	2.236	13.601	13.038	8.062	10	8.544	
58:	1.414	7.071	8.062	13.601	3	13	13.038	8.062	8.944	6.708	
59:	1	8.602	9.434	13.601	3.606	11.18	12.166	6.708	8.246	5.385	
60:	1.414	7.81	8.246	15.264	3.162	13.928	14.318	7.071	8.544	7.616	
61:	1.414	6.403	8.246	17	3.162	14.56	15.133	7.071	8.062	8.544	
62:	1.414	8.062	7.071	16.553	3.162	15.811	15.133	5.657	8.944	8.544	
63:	1.414	8.544	6.325	16.155	1.414	16.155	15.033	4.243	9.849	8.062	
64:	1.414	8.544	4.472	15.811	1.414	16.553	15.033	4.243	9.849	8.602	
65:	1.414	7.616	5.831	15.811	2.828	15.811	14.142	5.657	9.434	7.211	
66:	1.414	8.944	4.472	15.297	1.414	15.811	14	4.472	10.296	7.071	
67:	1.414	8.944	5.099	15.524	2.828	15.811	13.038	5.831	9.434	7.211	
68:	1.414	8.944	5	15.524	2.828	15.811	13.038	6.708	8.602	6.708	
69:	1.414	10.77	4.123	15.133	1.414	15.811	14	5.385	8.944	8.062	
70:	1.414	11.402	3.606	14.036	0	15.811	14.036	4.123	10.296	7.81	
71:	1.414	10.198	4.472	14.142	2	14.56	15	5	9.434	8.062	
72:	1.414	11.402	2.828	14	2	15.232	15	4.472	9.849	9.434	
73:	1.414	11.402	4.243	16	3.162	15.811	16.031	5.099	10.817	9.434	
74:	1.414	11.705	3.606	14	4	14.56	15.133	3.162	10.296	8.602	
75:	1.414	12.369	3.606	16	4	15.524	16.279	5.099	11.662	8.944	
76:	1.414	12.649	2.236	15.033	5.099	14.56	15.297	4.472	11.662	8.944	
77:	1.414	11.705	3.606	14.142	6	14.142	15.297	5	10.296	9.487	
78:	1.414	11.18	3.162	13.153	5.099	13.153	14.56	3.606	10.296	7.616	
79:	1.414	11.705	2	13	5.099	13.342	14.142	3.162	11.662	7.211	
80:	1.414	12.649	1.414	13	4	14.56	14	3	13.038	7.81	
81:	1.414	11.705	2.236	12	4.123	14.318	14.036	4	12.207	8.485	
82:	1.414	12.369	3.606	13	4.472	15.297	15.133	5	12.042	10	
83:	1.414	13.153	2.236	14.036	4.472	15.524	15	5.099	13.454	11.402	
84:	1.414	13.038	2.236	13.038	3.606	15.524	15	6.083	14.213	12.207	
85:	1.414	13.038	3.162	14.036	4.243	16.492	16	7.28	15.556	12.207	
86:	1.414	14.036	3.162	14.036	5	16.492	16.031	7.28	14.866	11.402	
87:	1.414	14.036	4.123	15.133	6.708	17.263	17.029	7.28	14.866	13.038	
88:	1.414	13.153	5.099	15.133	7.28	18.248	18	8.544	15.556	14.422	
89:	1.414	12.166	4.472	15.033	8.544	17.117	18.028	8.246	15.62	13.892	
90:	1.414	12.649	6.325	15.033	9.849	18.111	19.026	8.246	15.811	14.318	
91:	1.414	12.649	6.083	15.133	8.544	18.248	19.026	8.944	17.205	13.892	
92:	1.414	13.416	8.062	16.031	10.44	18.248	20.025	9.487	18.601	14.765	
93:	1.414	13.928	8.062	16.125	9.22	18.439	20.1	8.944	18.439	14.765	
94:	1.414	14.56	8.544	15.297	9.055	18.682	19.235	10	19.105	15.264	
95:	1.414	12.649	9.22	16.125	9.055	18.439	19.235	8.602	17.804	15.264	
96:	1.414	12.166	9.22	15.297	7.071	17.464	18.439	7.211	17.692	13.601	
97:	1.414	13.153	9.487	15.133	7	16.492	18.439	7.81	17.692	14.422	
98:	1.414	15.133	8.944	15.524	7.071	17.72	18.682	8.485	18.385	14.213	
99:	1.414	16.031	8.944	15.524	6	17.72	17.72	8.485	16.971	12.728	
100:	1.414	17.029	8.944	16.155	6	17.088	18.028	8.485	18.385	12.728	
